0 0.2734375 0.82734375 0.18828125 0.17109375
0 0.51484375 0.8296875 0.1625 0.121875
0 0.74140625 0.7734375 0.16484375 0.146875
0 0.7921875 0.57421875 0.1625 0.140625
0 0.56875 0.63203125 0.159375 0.12421875
0 0.52890625 0.484375 0.15390625 0.1109375
0 0.74375 0.41796875 0.15078125 0.10625
0 0.5796875 0.3078125 0.159375 0.11953125
0 0.79296875 0.23046875 0.14921875 0.121875
0 0.55703125 0.1296875 0.16953125 0.153125
0 0.3640625 0.1453125 0.18046875 0.14609375
0 0.36875 0.34765625 0.1734375 0.15078125
0 0.33828125 0.51953125 0.1796875 0.17265625
0 0.34765625 0.67734375 0.18203125 0.1578125
0 0.15 0.6453125 0.1796875 0.184375
0 0.15625 0.4234375 0.1796875 0.13125