0 0.40859375 0.50625 0.1734375 0.1328125
0 0.34375 0.8734375 0.18515625 0.1421875
0 0.59609375 0.83828125 0.18203125 0.17265625
0 0.8140625 0.76484375 0.1578125 0.1265625
0 0.42734375 0.67109375 0.178125 0.13984375
0 0.6515625 0.6171875 0.175 0.13828125
0 0.7890625 0.44375 0.15625 0.18203125
0 0.60390625 0.46171875 0.16640625 0.12421875
0 0.28828125 0.38515625 0.1984375 0.19375
0 0.48359375 0.13515625 0.1796875 0.14921875
0 0.71953125 0.27421875 0.153125 0.11953125
0 0.27265625 0.115625 0.18046875 0.13515625