0 0.34375 0.08515625 0.16640625 0.1171875
0 0.53984375 0.1421875 0.16171875 0.13984375
0 0.76328125 0.13046875 0.14375 0.09765625
0 0.19765625 0.2171875 0.159375 0.1796875
0 0.371875 0.30390625 0.12890625 0.16171875
0 0.5484375 0.359375 0.16015625 0.12890625
0 0.7015625 0.2734375 0.10859375 0.1515625
0 0.79375 0.440625 0.159375 0.1515625
0 0.575 0.51953125 0.16640625 0.140625
0 0.31484375 0.48515625 0.17734375 0.1375
0 0.1234375 0.45078125 0.1359375 0.17109375
0 0.30078125 0.6375 0.1796875 0.1640625
0 0.15625 0.709375 0.16640625 0.1828125
0 0.540625 0.6984375 0.1625 0.1796875
0 0.7359375 0.62734375 0.16640625 0.15078125
0 0.81953125 0.77109375 0.153125 0.115625
0 0.61171875 0.86875 0.1578125 0.12734375
0 0.359375 0.84296875 0.17578125 0.140625