0 0.65625 0.08515625 0.16640625 0.1171875
0 0.46015625 0.1421875 0.16171875 0.13984375
0 0.23671875 0.13046875 0.14375 0.09765625
0 0.80234375 0.2171875 0.159375 0.1796875
0 0.628125 0.30390625 0.12890625 0.16171875
0 0.4515625 0.359375 0.16015625 0.12890625
0 0.2984375 0.2734375 0.10859375 0.1515625
0 0.20625 0.440625 0.159375 0.1515625
0 0.425 0.51953125 0.16640625 0.140625
0 0.68515625 0.48515625 0.17734375 0.1375
0 0.8765625 0.45078125 0.1359375 0.17109375
0 0.69921875 0.6375 0.1796875 0.1640625
0 0.84375 0.709375 0.16640625 0.1828125
0 0.459375 0.6984375 0.1625 0.1796875
0 0.2640625 0.62734375 0.16640625 0.15078125
0 0.18046875 0.77109375 0.153125 0.115625
0 0.38828125 0.86875 0.1578125 0.12734375
0 0.640625 0.84296875 0.17578125 0.140625