0 0.66953125 0.0984375 0.16171875 0.115625
0 0.475 0.159375 0.16484375 0.146875
0 0.25234375 0.1421875 0.13828125 0.1015625
0 0.88359375 0.46875 0.1359375 0.16640625
0 0.8171875 0.2328125 0.1640625 0.178125
0 0.69140625 0.50390625 0.17109375 0.13359375
0 0.459375 0.37265625 0.14921875 0.125
0 0.640625 0.32265625 0.1265625 0.1625
0 0.31640625 0.28515625 0.09765625 0.146875
0 0.1546875 0.30625 0.1359375 0.1203125
0 0.221875 0.45390625 0.14921875 0.14609375
0 0.2734375 0.6390625 0.15390625 0.1359375
0 0.18828125 0.77890625 0.14375 0.10703125
0 0.390625 0.884375 0.15625 0.125
0 0.4640625 0.71640625 0.1640625 0.17734375
0 0.43671875 0.53828125 0.1578125 0.1484375
0 0.70859375 0.65703125 0.1828125 0.17734375
0 0.64765625 0.85703125 0.175 0.1359375
0 0.85 0.72734375 0.175 0.184375