0 0.33046875 0.0984375 0.16171875 0.115625
0 0.525 0.159375 0.16484375 0.146875
0 0.74765625 0.1421875 0.13828125 0.1015625
0 0.11640625 0.46875 0.1359375 0.16640625
0 0.1828125 0.2328125 0.1640625 0.178125
0 0.30859375 0.50390625 0.17109375 0.13359375
0 0.540625 0.37265625 0.14921875 0.125
0 0.359375 0.32265625 0.1265625 0.1625
0 0.68359375 0.28515625 0.09765625 0.146875
0 0.8453125 0.30625 0.1359375 0.1203125
0 0.778125 0.45390625 0.14921875 0.14609375
0 0.7265625 0.6390625 0.15390625 0.1359375
0 0.81171875 0.77890625 0.14375 0.10703125
0 0.609375 0.884375 0.15625 0.125
0 0.5359375 0.71640625 0.1640625 0.17734375
0 0.56328125 0.53828125 0.1578125 0.1484375
0 0.29140625 0.65703125 0.1828125 0.17734375
0 0.35234375 0.85703125 0.175 0.1359375
0 0.15 0.72734375 0.175 0.184375