0 0.6421875 0.88515625 0.15390625 0.12421875
0 0.45078125 0.82265625 0.15625 0.1375
0 0.228125 0.82734375 0.140625 0.10703125
0 0.296875 0.684375 0.1 0.1515625
0 0.1390625 0.66171875 0.13125 0.11171875
0 0.21171875 0.521875 0.1578125 0.1375
0 0.2671875 0.33671875 0.1484375 0.1359375
0 0.18046875 0.18671875 0.1359375 0.10625
0 0.3875 0.09375 0.153125 0.11484375
0 0.459375 0.26171875 0.15390625 0.16640625
0 0.53203125 0.44609375 0.10234375 0.146875
0 0.390625 0.446875 0.140625 0.125
0 0.44375 0.603125 0.13984375 0.13359375
0 0.6203125 0.65625 0.1109375 0.16171875
0 0.7984375 0.753125 0.15546875 0.178125
0 0.86484375 0.884375 0.18828125 0.146875
0 0.87109375 0.52109375 0.13046875 0.16015625
0 0.68984375 0.47734375 0.16953125 0.1375
0 0.7015625 0.328125 0.18046875 0.16953125
0 0.64375 0.11796875 0.16875 0.13046875
0 0.84296875 0.26015625 0.17734375 0.1953125