0 0.3578125 0.11484375 0.15390625 0.12421875
0 0.54921875 0.17734375 0.15625 0.1375
0 0.771875 0.17265625 0.140625 0.10703125
0 0.703125 0.315625 0.1 0.1515625
0 0.8609375 0.33828125 0.13125 0.11171875
0 0.78828125 0.478125 0.1578125 0.1375
0 0.7328125 0.66328125 0.1484375 0.1359375
0 0.81953125 0.81328125 0.1359375 0.10625
0 0.6125 0.90625 0.153125 0.11484375
0 0.540625 0.73828125 0.15390625 0.16640625
0 0.46796875 0.55390625 0.10234375 0.146875
0 0.609375 0.553125 0.140625 0.125
0 0.55625 0.396875 0.13984375 0.13359375
0 0.3796875 0.34375 0.1109375 0.16171875
0 0.2015625 0.246875 0.15546875 0.178125
0 0.13515625 0.115625 0.18828125 0.146875
0 0.12890625 0.47890625 0.13046875 0.16015625
0 0.31015625 0.52265625 0.16953125 0.1375
0 0.2984375 0.671875 0.18046875 0.16953125
0 0.35625 0.88203125 0.16875 0.13046875
0 0.15703125 0.73984375 0.17734375 0.1953125